,TempMax_Deg,TempMin_Deg,Wind_kmh,Wet_percent,Visibility_km,CloudCoverage_percent,Dayduration_hour,day
alsace,2,-4,12,55,10,78,11:1:0,2018/03/01
aquitaine,13,9,24,87,10,74,11:9:0,2018/03/01
ardeche,4,2,12,98,5.375,96,11:9:0,2018/03/01
auvergne,12,4,19,89,8.875,47,11:7:0,2018/03/01
bourgogne,2,0,13,98,3.25,95,11:3:0,2018/03/01
bretagne,5,-1,35,96,8.25,100,11:3:0,2018/03/01
centre,6,1,23,93,10,100,11:2:0,2018/03/01
champagne-ardenne,2,-3,30,50,10,85,10:59:0,2018/03/01
corse,11,10,14,91,8.125,67,11:15:0,2018/03/01
franche-comte,4,1,15,91,8.875,75,11:4:0,2018/03/01
ile-de-re,13,6,29,94,9.875,95,11:6:0,2018/03/01
ile-de-france,3,-2,24,77,8.375,89,11:1:0,2018/03/01
languedoc-roussillon,9,6,31,93,8.75,100,11:12:0,2018/03/01
limousin,14,7,16,89,6,68,11:7:0,2018/03/01
lorraine,0,-5,31,44,8.75,78,11:0:0,2018/03/01
midi-pyrenees,15,11,50,83,9.375,54,11:12:0,2018/03/01
nord-pas-de-calais,2,-3,28,49,10,97,10:57:0,2018/03/01
normandie,2,-3,32,91,7.25,100,11:0:0,2018/03/01
pays-de-la-loire,10,3,27,94,7.875,98,11:4:0,2018/03/01
picardie,2,-3,30,57,10,97,10:59:0,2018/03/01
poitou-charentes,13,6,29,94,9.875,95,11:7:0,2018/03/01
rh-ne-alpes,7,1,14,98,4.875,81,11:8:0,2018/03/01
provence-alpes-c-te-d-azur,8,6,47,81,9.75,80,11:12:0,2018/03/01
alsace,0,-2,8,71,9,71,11:5:0,2018/03/02
aquitaine,12,9,24,59,9.375,49,11:12:0,2018/03/02
ardeche,9,3,7,90,7.25,60,11:12:0,2018/03/02
auvergne,6,1,22,87,9.875,61,11:10:0,2018/03/02
bourgogne,6,1,16,98,6.5,63,11:7:0,2018/03/02
bretagne,7,4,33,87,10,71,11:6:0,2018/03/02
centre,8,5,24,84,10,63,11:6:0,2018/03/02
champagne-ardenne,4,0,28,83,10,81,11:3:0,2018/03/02
corse,9,8,46,82,9.375,33,11:17:0,2018/03/02
franche-comte,4,1,18,97,9.875,63,11:7:0,2018/03/02
ile-de-re,10,7,42,74,9.875,53,11:10:0,2018/03/02
ile-de-france,8,2,18,91,9.75,64,11:4:0,2018/03/02
languedoc-roussillon,12,9,33,67,10,54,11:16:0,2018/03/02
limousin,9,4,20,88,9.625,73,11:11:0,2018/03/02
lorraine,-2,-5,17,96,6.25,98,11:4:0,2018/03/02
midi-pyrenees,11,8,26,60,8.875,49,11:14:0,2018/03/02
nord-pas-de-calais,0,0,24,88,9,94,11:1:0,2018/03/02
normandie,7,4,32,94,8.875,73,11:4:0,2018/03/02
pays-de-la-loire,8,6,39,82,9.875,63,11:8:0,2018/03/02
picardie,2,-1,26,92,9,91,11:3:0,2018/03/02
poitou-charentes,10,8,42,66,9.875,53,11:10:0,2018/03/02
rh-ne-alpes,9,4,12,92,7.625,64,11:11:0,2018/03/02
provence-alpes-c-te-d-azur,12,9,36,60,9.375,50,11:14:0,2018/03/02
alsace,5,1,6,80,10,59,11:8:0,2018/03/03
aquitaine,16,12,21,67,10,36,11:15:0,2018/03/03
ardeche,12,7,12,82,9.75,45,11:16:0,2018/03/03
auvergne,9,4,22,89,9.5,53,11:14:0,2018/03/03
bourgogne,7,3,17,94,7.875,62,11:10:0,2018/03/03
bretagne,12,7,33,90,9,60,11:9:0,2018/03/03
centre,12,5,25,92,10,61,11:9:0,2018/03/03
champagne-ardenne,6,2,18,84,8.875,37,11:7:0,2018/03/03
corse,11,10,28,94,7.875,62,11:20:0,2018/03/03
franche-comte,4,3,13,95,8.75,60,11:11:0,2018/03/03
ile-de-re,12,9,36,79,10,28,11:13:0,2018/03/03
ile-de-france,10,4,15,87,10,62,11:8:0,2018/03/03
languedoc-roussillon,14,10,21,74,10,37,11:18:0,2018/03/03
limousin,11,6,16,95,6.75,65,11:13:0,2018/03/03
lorraine,3,-1,14,93,4.25,80,11:7:0,2018/03/03
midi-pyrenees,16,10,18,76,9.25,35,11:17:0,2018/03/03
nord-pas-de-calais,6,2,15,78,10,35,11:5:0,2018/03/03
normandie,11,5,30,87,9.125,70,11:7:0,2018/03/03
pays-de-la-loire,12,10,35,83,9.875,35,11:11:0,2018/03/03
picardie,6,2,20,95,10,35,11:6:0,2018/03/03
poitou-charentes,12,11,36,79,10,28,11:12:0,2018/03/03
rh-ne-alpes,11,3,8,91,9.375,60,11:14:0,2018/03/03
provence-alpes-c-te-d-azur,14,11,31,88,9.25,42,11:18:0,2018/03/03
alsace,9,5,5,85,9.875,53,11:12:0,2018/03/04
aquitaine,13,9,18,91,9.75,59,11:19:0,2018/03/04
ardeche,9,7,15,98,8.25,64,11:19:0,2018/03/04
auvergne,10,4,19,91,9.875,64,11:17:0,2018/03/04
bourgogne,10,4,17,90,6,54,11:14:0,2018/03/04
bretagne,11,7,26,91,9.875,34,11:12:0,2018/03/04
centre,10,6,19,97,8.625,51,11:13:0,2018/03/04
champagne-ardenne,8,5,19,88,8,54,11:10:0,2018/03/04
corse,9,8,8,88,8.875,78,11:22:0,2018/03/04
franche-comte,12,7,11,72,7.375,45,11:14:0,2018/03/04
ile-de-re,11,9,29,92,8.25,64,11:16:0,2018/03/04
ile-de-france,7,5,17,91,9.75,59,11:11:0,2018/03/04
languedoc-roussillon,12,11,29,92,9.625,60,11:21:0,2018/03/04
limousin,9,5,15,96,6,84,11:16:0,2018/03/04
lorraine,7,4,18,89,6.75,70,11:11:0,2018/03/04
midi-pyrenees,10,8,8,91,7.375,60,11:20:0,2018/03/04
nord-pas-de-calais,7,5,18,90,8.875,62,11:8:0,2018/03/04
normandie,10,7,20,89,9.375,44,11:11:0,2018/03/04
pays-de-la-loire,11,9,28,88,9.75,54,11:15:0,2018/03/04
picardie,7,4,19,96,7.875,61,11:10:0,2018/03/04
poitou-charentes,11,9,29,92,8.25,64,11:16:0,2018/03/04
rh-ne-alpes,13,7,29,96,8.25,54,11:18:0,2018/03/04
provence-alpes-c-te-d-azur,12,10,26,80,8.25,49,11:21:0,2018/03/04
alsace,12,6,8,78,10,15,11:16:0,2018/03/05
aquitaine,14,9,14,77,10,45,11:21:0,2018/03/05
ardeche,9,6,10,92,5.125,87,11:21:0,2018/03/05
auvergne,11,5,13,84,7.875,46,11:19:0,2018/03/05
bourgogne,11,6,10,82,7,32,11:17:0,2018/03/05
bretagne,12,7,30,92,9,66,11:16:0,2018/03/05
centre,11,7,14,79,8,67,11:17:0,2018/03/05
champagne-ardenne,12,6,18,87,7,57,11:14:0,2018/03/05
corse,9,7,10,89,8.75,70,11:26:0,2018/03/05
franche-comte,12,7,7,82,10,26,11:18:0,2018/03/05
ile-de-re,12,9,27,87,10,46,11:19:0,2018/03/05
ile-de-france,12,6,14,83,7.75,74,11:15:0,2018/03/05
languedoc-roussillon,11,10,28,88,10,97,11:24:0,2018/03/05
limousin,11,7,14,95,5.75,71,11:20:0,2018/03/05
lorraine,10,5,17,90,7.75,50,11:14:0,2018/03/05
midi-pyrenees,11,9,12,78,9,77,11:23:0,2018/03/05
nord-pas-de-calais,11,5,18,90,10,71,11:12:0,2018/03/05
normandie,10,7,27,86,10,61,11:15:0,2018/03/05
pays-de-la-loire,12,9,29,87,9.375,51,11:18:0,2018/03/05
picardie,11,5,19,92,9,66,11:14:0,2018/03/05
poitou-charentes,12,9,27,80,10,46,11:19:0,2018/03/05
rh-ne-alpes,12,7,13,87,6.375,74,11:21:0,2018/03/05
provence-alpes-c-te-d-azur,11,10,28,79,9.75,75,11:23:0,2018/03/05
alsace,10,7,8,76,9.875,52,11:19:0,2018/03/06
aquitaine,12,10,33,74,10,37,11:24:0,2018/03/06
ardeche,11,6,5,82,8.125,71,11:25:0,2018/03/06
auvergne,9,4,13,83,7.75,56,11:23:0,2018/03/06
bourgogne,10,7,12,89,8,54,11:21:0,2018/03/06
bretagne,10,6,19,95,5.875,62,11:19:0,2018/03/06
centre,11,7,19,84,6.75,65,11:20:0,2018/03/06
champagne-ardenne,11,7,12,86,10,53,11:17:0,2018/03/06
corse,10,9,19,85,9.75,49,11:29:0,2018/03/06
franche-comte,8,6,10,94,8,78,11:21:0,2018/03/06
ile-de-re,10,8,37,83,9.875,60,11:23:0,2018/03/06
ile-de-france,11,6,13,83,7.5,63,11:19:0,2018/03/06
languedoc-roussillon,13,11,19,73,9.375,49,11:27:0,2018/03/06
limousin,8,5,15,94,5.125,97,11:23:0,2018/03/06
lorraine,10,7,11,83,10,62,11:18:0,2018/03/06
midi-pyrenees,13,8,24,74,9.875,50,11:26:0,2018/03/06
nord-pas-de-calais,11,7,15,85,9,40,11:16:0,2018/03/06
normandie,10,6,17,89,9.25,60,11:18:0,2018/03/06
pays-de-la-loire,10,7,25,93,7.875,65,11:22:0,2018/03/06
picardie,10,5,17,88,7.875,37,11:17:0,2018/03/06
poitou-charentes,10,9,37,83,9.875,60,11:23:0,2018/03/06
rh-ne-alpes,11,6,7,85,7.75,56,11:24:0,2018/03/06
provence-alpes-c-te-d-azur,13,9,21,78,9.375,48,11:26:0,2018/03/06
alsace,9,7,23,69,9.875,47,11:23:0,2018/03/07
aquitaine,12,10,24,69,9.75,29,11:28:0,2018/03/07
ardeche,10,5,14,66,9.875,40,11:28:0,2018/03/07
auvergne,7,3,22,82,10,51,11:26:0,2018/03/07
bourgogne,9,6,25,75,9.875,44,11:24:0,2018/03/07
bretagne,10,6,24,86,8.875,34,11:23:0,2018/03/07
centre,10,6,23,85,9.75,62,11:24:0,2018/03/07
champagne-ardenne,9,5,27,89,9.625,68,11:21:0,2018/03/07
corse,10,9,22,73,9.75,27,11:31:0,2018/03/07
franche-comte,8,5,24,79,8,50,11:24:0,2018/03/07
ile-de-re,11,9,28,79,9.875,37,11:26:0,2018/03/07
ile-de-france,10,6,23,81,9.75,68,11:22:0,2018/03/07
languedoc-roussillon,12,9,25,65,10,37,11:30:0,2018/03/07
limousin,8,4,14,95,5.375,70,11:27:0,2018/03/07
lorraine,6,5,29,83,6,69,11:22:0,2018/03/07
midi-pyrenees,11,7,31,78,9.875,45,11:29:0,2018/03/07
nord-pas-de-calais,8,5,26,92,7.875,64,11:20:0,2018/03/07
normandie,9,7,25,82,9.75,49,11:22:0,2018/03/07
pays-de-la-loire,11,8,26,83,10,29,11:24:0,2018/03/07
picardie,9,3,28,90,6.75,59,11:21:0,2018/03/07
poitou-charentes,11,9,28,79,9.875,37,11:26:0,2018/03/07
rh-ne-alpes,10,5,15,78,9.75,40,11:27:0,2018/03/07
provence-alpes-c-te-d-azur,12,10,36,56,10,13,11:30:0,2018/03/07
alsace,12,7,21,69,10,26,11:26:0,2018/03/08
aquitaine,16,10,18,58,10,25,11:31:0,2018/03/08
ardeche,11,7,19,82,10,20,11:31:0,2018/03/08
auvergne,12,6,13,64,9,20,11:30:0,2018/03/08
bourgogne,12,6,22,76,8,23,11:28:0,2018/03/08
bretagne,8,7,26,93,9.875,77,11:26:0,2018/03/08
centre,13,7,26,77,10,40,11:27:0,2018/03/08
champagne-ardenne,9,6,32,82,8.625,64,11:25:0,2018/03/08
corse,11,9,8,58,10,33,11:34:0,2018/03/08
franche-comte,11,6,22,74,10,33,11:28:0,2018/03/08
ile-de-re,12,8,25,80,10,29,11:29:0,2018/03/08
ile-de-france,9,7,29,83,8.625,73,11:26:0,2018/03/08
languedoc-roussillon,12,9,27,86,10,17,11:33:0,2018/03/08
limousin,13,6,14,78,6.5,48,11:30:0,2018/03/08
lorraine,10,6,29,82,9.875,59,11:25:0,2018/03/08
midi-pyrenees,15,8,20,74,10,20,11:33:0,2018/03/08
nord-pas-de-calais,9,6,37,80,9.375,41,11:24:0,2018/03/08
normandie,9,7,30,88,9.625,42,11:25:0,2018/03/08
pays-de-la-loire,13,9,23,87,9.75,53,11:28:0,2018/03/08
picardie,9,3,38,92,10,46,11:25:0,2018/03/08
poitou-charentes,12,8,25,78,10,29,11:30:0,2018/03/08
rh-ne-alpes,12,7,27,69,10,16,11:30:0,2018/03/08
provence-alpes-c-te-d-azur,13,10,18,56,10,19,11:33:0,2018/03/08
alsace,14,8,9,85,9.875,83,11:30:0,2018/03/09
aquitaine,18,13,22,67,10,54,11:34:0,2018/03/09
ardeche,10,8,17,92,8.375,63,11:34:0,2018/03/09
auvergne,15,9,19,76,9.25,56,11:33:0,2018/03/09
bourgogne,14,9,22,80,10,53,11:31:0,2018/03/09
bretagne,14,10,25,92,9,81,11:30:0,2018/03/09
centre,15,8,18,87,8,94,11:31:0,2018/03/09
champagne-ardenne,10,7,17,93,8,88,11:29:0,2018/03/09
corse,13,12,12,67,10,12,11:37:0,2018/03/09
franche-comte,14,10,20,68,10,52,11:31:0,2018/03/09
ile-de-re,14,11,35,85,9.375,59,11:33:0,2018/03/09
ile-de-france,14,7,18,91,8,86,11:29:0,2018/03/09
languedoc-roussillon,12,11,25,92,9,84,11:35:0,2018/03/09
limousin,16,11,19,79,10,69,11:32:0,2018/03/09
lorraine,9,7,13,91,9.625,85,11:29:0,2018/03/09
midi-pyrenees,15,11,30,79,9,39,11:35:0,2018/03/09
nord-pas-de-calais,10,6,17,87,8.25,86,11:28:0,2018/03/09
normandie,13,9,19,91,8.875,91,11:29:0,2018/03/09
pays-de-la-loire,14,11,27,90,9,66,11:31:0,2018/03/09
picardie,11,6,19,94,8.25,80,11:29:0,2018/03/09
poitou-charentes,14,11,35,85,9.375,59,11:33:0,2018/03/09
rh-ne-alpes,14,10,30,77,10,54,11:33:0,2018/03/09
provence-alpes-c-te-d-azur,14,12,24,71,10,36,11:35:0,2018/03/09
alsace,12,10,15,81,8.875,61,11:33:0,2018/03/10
aquitaine,19,16,20,76,10,54,11:37:0,2018/03/10
ardeche,12,8,11,92,9.625,91,11:37:0,2018/03/10
auvergne,16,11,21,78,9.5,54,11:36:0,2018/03/10
bourgogne,16,9,27,92,8.625,56,11:35:0,2018/03/10
bretagne,15,11,24,92,10,64,11:34:0,2018/03/10
centre,17,12,19,90,9.25,92,11:34:0,2018/03/10
champagne-ardenne,14,11,19,90,10,77,11:33:0,2018/03/10
corse,15,13,10,69,10,16,11:39:0,2018/03/10
franche-comte,15,8,18,93,9.875,60,11:35:0,2018/03/10
ile-de-re,14,12,29,85,9.875,62,11:36:0,2018/03/10
ile-de-france,15,11,16,92,9.5,81,11:33:0,2018/03/10
languedoc-roussillon,13,12,39,95,9.25,90,11:39:0,2018/03/10
limousin,16,11,18,97,7,86,11:36:0,2018/03/10
lorraine,10,9,21,90,9.875,75,11:32:0,2018/03/10
midi-pyrenees,18,13,23,83,9.625,50,11:38:0,2018/03/10
nord-pas-de-calais,12,11,23,87,9,69,11:31:0,2018/03/10
normandie,15,12,25,90,9,63,11:33:0,2018/03/10
pays-de-la-loire,15,13,25,87,9,59,11:34:0,2018/03/10
picardie,14,11,23,92,10,76,11:33:0,2018/03/10
poitou-charentes,14,13,29,83,9.875,62,11:35:0,2018/03/10
rh-ne-alpes,16,11,33,79,9.75,52,11:37:0,2018/03/10
provence-alpes-c-te-d-azur,15,13,34,87,9,61,11:38:0,2018/03/10
alsace,11,10,14,83,9,74,11:37:0,2018/03/11
aquitaine,17,14,31,59,10,25,11:40:0,2018/03/11
ardeche,13,9,18,92,9.375,74,11:40:0,2018/03/11
auvergne,14,8,13,83,8.75,54,11:40:0,2018/03/11
bourgogne,14,10,17,92,7.625,77,11:38:0,2018/03/11
bretagne,12,10,32,88,10,78,11:37:0,2018/03/11
centre,16,13,24,76,6.75,58,11:38:0,2018/03/11
champagne-ardenne,16,12,16,91,6.75,58,11:36:0,2018/03/11
corse,12,11,19,93,9,61,11:43:0,2018/03/11
franche-comte,12,10,11,87,9.5,75,11:38:0,2018/03/11
ile-de-re,13,11,42,77,10,36,11:40:0,2018/03/11
ile-de-france,17,13,19,84,7.25,63,11:36:0,2018/03/11
languedoc-roussillon,13,12,26,95,10,59,11:42:0,2018/03/11
limousin,14,8,17,90,6.5,56,11:39:0,2018/03/11
lorraine,12,9,21,92,9.625,80,11:37:0,2018/03/11
midi-pyrenees,18,12,18,69,10,23,11:41:0,2018/03/11
nord-pas-de-calais,16,12,19,86,7.25,54,11:35:0,2018/03/11
normandie,13,11,27,85,10,59,11:36:0,2018/03/11
pays-de-la-loire,13,12,35,83,10,65,11:38:0,2018/03/11
picardie,16,11,21,88,7.375,59,11:36:0,2018/03/11
poitou-charentes,13,12,42,74,10,36,11:39:0,2018/03/11
rh-ne-alpes,15,10,25,80,8.375,44,11:40:0,2018/03/11
provence-alpes-c-te-d-azur,15,13,31,92,10,49,11:42:0,2018/03/11
alsace,13,11,26,76,9.875,60,11:40:0,2018/03/12
aquitaine,12,11,34,82,9.875,56,11:43:0,2018/03/12
ardeche,12,7,15,80,10,57,11:43:0,2018/03/12
auvergne,9,5,27,82,10,56,11:43:0,2018/03/12
bourgogne,12,10,24,79,8,71,11:42:0,2018/03/12
bretagne,11,8,36,88,9.75,97,11:41:0,2018/03/12
centre,12,10,32,78,9,88,11:41:0,2018/03/12
champagne-ardenne,12,10,31,82,10,63,11:40:0,2018/03/12
corse,11,9,19,89,9.625,38,11:46:0,2018/03/12
franche-comte,11,9,27,82,8.625,83,11:42:0,2018/03/12
ile-de-re,11,9,41,85,10,52,11:42:0,2018/03/12
ile-de-france,12,10,29,75,10,73,11:40:0,2018/03/12
languedoc-roussillon,14,12,35,70,10,24,11:45:0,2018/03/12
limousin,8,5,20,95,8,85,11:43:0,2018/03/12
lorraine,11,10,32,82,8.875,84,11:40:0,2018/03/12
midi-pyrenees,12,9,40,74,9.375,46,11:45:0,2018/03/12
nord-pas-de-calais,11,10,33,82,10,75,11:39:0,2018/03/12
normandie,10,9,39,88,7,94,11:40:0,2018/03/12
pays-de-la-loire,11,10,40,86,9,81,11:41:0,2018/03/12
picardie,11,8,34,86,8.875,79,11:40:0,2018/03/12
poitou-charentes,11,10,41,85,10,52,11:42:0,2018/03/12
rh-ne-alpes,13,8,18,79,8.25,72,11:44:0,2018/03/12
provence-alpes-c-te-d-azur,15,13,35,65,9.625,32,11:45:0,2018/03/12
alsace,9,8,26,78,7,83,11:44:0,2018/03/13
aquitaine,14,11,12,73,9.875,25,11:47:0,2018/03/13
ardeche,11,7,9,78,10,32,11:47:0,2018/03/13
auvergne,9,3,20,81,10,48,11:46:0,2018/03/13
bourgogne,9,7,23,89,8.75,93,11:45:0,2018/03/13
bretagne,11,8,15,83,9,39,11:44:0,2018/03/13
centre,11,8,19,86,9.75,67,11:45:0,2018/03/13
champagne-ardenne,9,7,24,86,9,80,11:44:0,2018/03/13
corse,11,9,26,67,10,20,11:49:0,2018/03/13
franche-comte,7,5,23,93,7.25,100,11:45:0,2018/03/13
ile-de-re,12,9,14,83,10,14,11:45:0,2018/03/13
ile-de-france,12,9,21,75,9,81,11:43:0,2018/03/13
languedoc-roussillon,14,11,22,62,10,15,11:47:0,2018/03/13
limousin,10,5,9,92,5.625,52,11:46:0,2018/03/13
lorraine,7,3,26,89,6.875,91,11:44:0,2018/03/13
midi-pyrenees,13,9,6,70,10,41,11:48:0,2018/03/13
nord-pas-de-calais,9,6,20,86,9,75,11:43:0,2018/03/13
normandie,10,9,22,87,10,60,11:43:0,2018/03/13
pays-de-la-loire,12,9,14,78,10,26,11:45:0,2018/03/13
picardie,10,5,21,90,9,71,11:44:0,2018/03/13
poitou-charentes,12,10,14,75,10,14,11:46:0,2018/03/13
rh-ne-alpes,10,6,8,85,9.75,62,11:46:0,2018/03/13
provence-alpes-c-te-d-azur,14,11,30,56,10,19,11:47:0,2018/03/13
alsace,12,8,10,75,9,18,11:47:0,2018/03/14
aquitaine,17,11,26,64,10,45,11:50:0,2018/03/14
ardeche,12,8,18,73,9.375,23,11:50:0,2018/03/14
auvergne,15,7,14,66,10,14,11:49:0,2018/03/14
bourgogne,13,7,13,80,10,19,11:49:0,2018/03/14
bretagne,14,8,34,83,9.625,70,11:48:0,2018/03/14
centre,14,8,23,72,10,31,11:48:0,2018/03/14
champagne-ardenne,12,7,21,81,10,53,11:47:0,2018/03/14
corse,12,10,10,66,10,13,11:51:0,2018/03/14
franche-comte,13,8,10,80,7.875,26,11:49:0,2018/03/14
ile-de-re,14,9,40,80,9.625,57,11:49:0,2018/03/14
ile-de-france,13,8,24,71,10,33,11:47:0,2018/03/14
languedoc-roussillon,13,11,27,86,9,31,11:51:0,2018/03/14
limousin,15,9,15,68,7.125,42,11:49:0,2018/03/14
lorraine,11,7,16,84,9,33,11:48:0,2018/03/14
midi-pyrenees,15,11,29,74,9.375,33,11:50:0,2018/03/14
nord-pas-de-calais,12,7,25,81,10,36,11:47:0,2018/03/14
normandie,12,9,33,77,9,49,11:47:0,2018/03/14
pays-de-la-loire,14,9,33,82,9.375,68,11:48:0,2018/03/14
picardie,12,8,29,76,9,31,11:47:0,2018/03/14
poitou-charentes,14,9,35,79,9.625,57,11:49:0,2018/03/14
rh-ne-alpes,13,7,19,76,10,14,11:49:0,2018/03/14
provence-alpes-c-te-d-azur,14,11,20,52,10,18,11:50:0,2018/03/14
alsace,9,7,9,65,10,76,11:51:0,2018/03/15
aquitaine,15,11,24,73,9.25,46,11:53:0,2018/03/15
ardeche,8,5,21,92,9,69,11:53:0,2018/03/15
auvergne,10,5,15,90,7.375,86,11:52:0,2018/03/15
bourgogne,7,4,19,94,8.25,75,11:52:0,2018/03/15
bretagne,12,9,30,92,8.25,61,11:52:0,2018/03/15
centre,12,9,16,92,8.625,91,11:52:0,2018/03/15
champagne-ardenne,8,7,17,92,9.875,73,11:51:0,2018/03/15
corse,13,10,21,89,9.875,77,11:54:0,2018/03/15
franche-comte,6,5,15,93,8.25,71,11:52:0,2018/03/15
ile-de-re,12,9,36,91,10,48,11:52:0,2018/03/15
ile-de-france,13,9,16,88,9.875,75,11:52:0,2018/03/15
languedoc-roussillon,15,12,29,88,9.625,56,11:54:0,2018/03/15
limousin,10,7,14,96,6.375,84,11:53:0,2018/03/15
lorraine,8,6,16,84,7.625,74,11:51:0,2018/03/15
midi-pyrenees,16,12,18,77,9.75,29,11:53:0,2018/03/15
nord-pas-de-calais,10,7,18,87,10,72,11:51:0,2018/03/15
normandie,12,9,27,89,9.125,57,11:52:0,2018/03/15
pays-de-la-loire,12,10,35,88,10,46,11:52:0,2018/03/15
picardie,11,7,18,91,9.875,73,11:51:0,2018/03/15
poitou-charentes,12,9,36,91,10,48,11:52:0,2018/03/15
rh-ne-alpes,9,4,14,90,9.75,67,11:53:0,2018/03/15
provence-alpes-c-te-d-azur,14,13,34,92,9,60,11:53:0,2018/03/15
alsace,12,8,11,77,10,67,11:55:0,2018/03/16
aquitaine,13,11,14,75,9.5,39,11:57:0,2018/03/16
ardeche,13,8,7,78,9.875,58,11:57:0,2018/03/16
auvergne,9,5,11,87,8.875,82,11:56:0,2018/03/16
bourgogne,12,9,10,83,6,64,11:55:0,2018/03/16
bretagne,11,7,22,86,10,67,11:56:0,2018/03/16
centre,12,9,13,83,8.75,76,11:55:0,2018/03/16
champagne-ardenne,11,8,13,85,8.875,81,11:54:0,2018/03/16
corse,13,11,13,72,9.875,29,11:57:0,2018/03/16
franche-comte,11,8,10,83,7.875,72,11:56:0,2018/03/16
ile-de-re,11,8,26,84,9.875,62,11:56:0,2018/03/16
ile-de-france,13,9,12,81,10,67,11:55:0,2018/03/16
languedoc-roussillon,14,12,10,73,10,50,11:57:0,2018/03/16
limousin,9,5,10,97,3.75,77,11:56:0,2018/03/16
lorraine,10,7,16,90,10,68,11:55:0,2018/03/16
midi-pyrenees,13,9,8,87,7.75,71,11:57:0,2018/03/16
nord-pas-de-calais,13,8,12,85,9,52,11:54:0,2018/03/16
normandie,11,8,20,81,9.875,50,11:55:0,2018/03/16
pays-de-la-loire,11,10,23,83,10,54,11:55:0,2018/03/16
picardie,12,7,14,85,7.75,54,11:54:0,2018/03/16
poitou-charentes,11,10,26,79,9.875,62,11:56:0,2018/03/16
rh-ne-alpes,13,7,7,88,9.25,56,11:56:0,2018/03/16
provence-alpes-c-te-d-azur,15,13,11,60,10,18,11:57:0,2018/03/16
alsace,5,-1,22,79,9,78,11:59:0,2018/03/17
aquitaine,11,9,15,78,9.875,66,11:59:0,2018/03/17
ardeche,10,5,9,84,9.75,63,11:59:0,2018/03/17
auvergne,8,3,9,80,7.75,40,11:59:0,2018/03/17
bourgogne,6,5,16,93,6.375,87,11:59:0,2018/03/17
bretagne,10,6,17,91,6.875,58,11:59:0,2018/03/17
centre,10,7,13,79,8,62,11:59:0,2018/03/17
champagne-ardenne,6,3,19,89,9,92,11:59:0,2018/03/17
corse,10,9,15,75,9.875,38,11:59:0,2018/03/17
franche-comte,6,5,6,97,5.375,100,11:59:0,2018/03/17
ile-de-re,10,7,16,86,10,52,11:59:0,2018/03/17
ile-de-france,7,3,14,85,9,84,11:59:0,2018/03/17
languedoc-roussillon,13,10,18,69,10,37,11:59:0,2018/03/17
limousin,9,4,6,96,4.75,81,11:59:0,2018/03/17
lorraine,4,0,22,94,6,97,11:58:0,2018/03/17
midi-pyrenees,11,7,14,79,10,57,12:0:0,2018/03/17
nord-pas-de-calais,5,1,30,79,10,97,11:58:0,2018/03/17
normandie,7,3,28,88,8.75,78,11:59:0,2018/03/17
pays-de-la-loire,9,7,14,92,8,62,11:59:0,2018/03/17
picardie,5,0,28,82,9.875,85,11:58:0,2018/03/17
poitou-charentes,10,8,16,86,10,52,11:59:0,2018/03/17
rh-ne-alpes,9,5,13,88,7.625,69,11:59:0,2018/03/17
provence-alpes-c-te-d-azur,13,11,21,61,9.875,47,12:0:0,2018/03/17
alsace,1,-1,17,83,9,92,12:2:0,2018/03/18
aquitaine,12,9,20,74,10,18,12:2:0,2018/03/18
ardeche,9,4,19,73,10,32,12:2:0,2018/03/18
auvergne,4,1,16,87,7,78,12:2:0,2018/03/18
bourgogne,2,1,11,89,6,93,12:2:0,2018/03/18
bretagne,8,3,13,88,8,55,12:3:0,2018/03/18
centre,4,1,15,77,10,97,12:2:0,2018/03/18
champagne-ardenne,0,-2,21,84,9,100,12:2:0,2018/03/18
corse,7,6,23,90,9.5,84,12:3:0,2018/03/18
franche-comte,3,1,6,91,4.75,100,12:2:0,2018/03/18
ile-de-re,9,6,22,85,10,42,12:2:0,2018/03/18
ile-de-france,2,0,16,79,10,100,12:2:0,2018/03/18
languedoc-roussillon,12,10,26,64,10,40,12:2:0,2018/03/18
limousin,8,3,7,98,5.125,87,12:3:0,2018/03/18
lorraine,0,-3,25,87,7.375,99,12:2:0,2018/03/18
midi-pyrenees,11,7,23,83,10,60,12:3:0,2018/03/18
nord-pas-de-calais,1,-1,24,66,10,100,12:2:0,2018/03/18
normandie,5,2,22,84,8.25,100,12:2:0,2018/03/18
pays-de-la-loire,9,4,18,92,7,53,12:2:0,2018/03/18
picardie,1,-2,22,85,9.375,100,12:2:0,2018/03/18
poitou-charentes,9,7,22,85,10,42,12:2:0,2018/03/18
rh-ne-alpes,7,3,18,84,7,74,12:3:0,2018/03/18
provence-alpes-c-te-d-azur,12,10,33,58,9.875,58,12:2:0,2018/03/18
alsace,3,1,13,68,10,56,12:6:0,2018/03/19
aquitaine,8,5,28,90,9.625,67,12:5:0,2018/03/19
ardeche,9,3,13,72,10,12,12:6:0,2018/03/19
auvergne,6,1,9,79,7,67,12:6:0,2018/03/19
bourgogne,4,1,14,73,9,38,12:6:0,2018/03/19
bretagne,4,2,24,74,10,44,12:6:0,2018/03/19
centre,4,1,19,69,10,74,12:6:0,2018/03/19
champagne-ardenne,4,0,14,72,10,95,12:6:0,2018/03/19
corse,9,8,23,76,9.625,34,12:6:0,2018/03/19
franche-comte,4,1,9,76,7,66,12:6:0,2018/03/19
ile-de-re,4,2,30,90,6.75,90,12:6:0,2018/03/19
ile-de-france,3,0,15,81,9.375,86,12:6:0,2018/03/19
languedoc-roussillon,12,9,15,62,10,16,12:6:0,2018/03/19
limousin,5,2,11,91,5.375,88,12:6:0,2018/03/19
lorraine,3,-1,19,70,10,85,12:6:0,2018/03/19
midi-pyrenees,10,4,25,81,8.875,65,12:5:0,2018/03/19
nord-pas-de-calais,3,0,20,56,10,68,12:6:0,2018/03/19
normandie,2,0,26,84,7.625,99,12:6:0,2018/03/19
pays-de-la-loire,6,4,25,67,10,58,12:5:0,2018/03/19
picardie,3,-2,20,74,10,79,12:6:0,2018/03/19
poitou-charentes,4,3,28,86,6.75,90,12:6:0,2018/03/19
rh-ne-alpes,8,2,14,74,8,21,12:6:0,2018/03/19
provence-alpes-c-te-d-azur,13,9,33,52,10,4,12:5:0,2018/03/19
alsace,3,0,18,61,10,40,12:9:0,2018/03/20
aquitaine,8,3,27,68,10,49,12:9:0,2018/03/20
ardeche,5,1,36,64,9,22,12:9:0,2018/03/20
auvergne,3,-3,26,74,7,80,12:9:0,2018/03/20
bourgogne,4,1,29,62,10,23,12:9:0,2018/03/20
bretagne,7,4,27,77,10,34,12:10:0,2018/03/20
centre,6,2,26,62,10,41,12:9:0,2018/03/20
champagne-ardenne,7,2,28,59,10,17,12:10:0,2018/03/20
corse,8,7,17,80,9,70,12:8:0,2018/03/20
franche-comte,4,0,22,73,8,29,12:9:0,2018/03/20
ile-de-re,8,2,35,78,10,33,12:9:0,2018/03/20
ile-de-france,7,2,23,71,10,37,12:9:0,2018/03/20
languedoc-roussillon,11,7,37,57,10,14,12:9:0,2018/03/20
limousin,6,1,21,69,8.625,58,12:9:0,2018/03/20
lorraine,4,2,25,58,10,38,12:10:0,2018/03/20
midi-pyrenees,6,3,24,86,8.625,81,12:8:0,2018/03/20
nord-pas-de-calais,7,5,28,72,10,34,12:10:0,2018/03/20
normandie,6,1,33,75,10,48,12:9:0,2018/03/20
pays-de-la-loire,7,3,29,69,10,26,12:9:0,2018/03/20
picardie,7,0,29,87,10,31,12:10:0,2018/03/20
poitou-charentes,8,2,35,78,10,33,12:9:0,2018/03/20
rh-ne-alpes,5,0,32,71,9.375,57,12:9:0,2018/03/20
provence-alpes-c-te-d-azur,12,9,33,51,10,11,12:9:0,2018/03/20
alsace,5,2,15,64,10,6,12:13:0,2018/03/21
aquitaine,10,5,20,65,10,15,12:12:0,2018/03/21
ardeche,5,2,39,52,10,7,12:12:0,2018/03/21
auvergne,4,-1,24,61,10,11,12:12:0,2018/03/21
bourgogne,5,3,27,49,10,6,12:13:0,2018/03/21
bretagne,7,5,14,77,10,51,12:13:0,2018/03/21
centre,8,4,17,61,10,17,12:12:0,2018/03/21
champagne-ardenne,7,3,14,58,10,14,12:13:0,2018/03/21
corse,10,6,23,70,9.875,22,12:11:0,2018/03/21
franche-comte,5,2,22,49,10,11,12:13:0,2018/03/21
ile-de-re,8,4,23,71,10,31,12:12:0,2018/03/21
ile-de-france,8,4,15,68,10,20,12:13:0,2018/03/21
languedoc-roussillon,10,7,46,48,10,10,12:11:0,2018/03/21
limousin,7,2,17,63,10,9,12:13:0,2018/03/21
lorraine,6,2,14,56,10,7,12:13:0,2018/03/21
midi-pyrenees,8,4,28,62,10,10,12:12:0,2018/03/21
nord-pas-de-calais,7,4,11,70,10,48,12:13:0,2018/03/21
normandie,7,5,17,67,10,47,12:13:0,2018/03/21
pays-de-la-loire,7,5,15,71,10,45,12:12:0,2018/03/21
picardie,7,0,13,90,10,50,12:13:0,2018/03/21
poitou-charentes,8,4,23,68,10,31,12:13:0,2018/03/21
rh-ne-alpes,6,2,33,57,10,12,12:12:0,2018/03/21
provence-alpes-c-te-d-azur,9,5,21,71,9.25,44,12:12:0,2018/03/21
alsace,4,3,13,76,9.875,66,12:16:0,2018/03/22
aquitaine,10,6,13,60,10,17,12:15:0,2018/03/22
ardeche,8,4,31,61,10,13,12:15:0,2018/03/22
auvergne,5,1,17,79,6.375,49,12:16:0,2018/03/22
bourgogne,6,4,12,80,9.75,58,12:16:0,2018/03/22
bretagne,9,5,15,78,10,46,12:16:0,2018/03/22
centre,7,5,15,71,10,61,12:16:0,2018/03/22
champagne-ardenne,6,4,19,93,6,77,12:17:0,2018/03/22
corse,11,7,19,48,10,18,12:14:0,2018/03/22
franche-comte,5,3,9,68,10,53,12:16:0,2018/03/22
ile-de-re,8,5,15,73,10,15,12:16:0,2018/03/22
ile-de-france,8,5,17,78,10,80,12:16:0,2018/03/22
languedoc-roussillon,13,8,27,47,10,22,12:14:0,2018/03/22
limousin,7,3,12,77,7.75,26,12:15:0,2018/03/22
lorraine,3,2,22,90,7.625,71,12:17:0,2018/03/22
midi-pyrenees,9,4,24,68,10,16,12:15:0,2018/03/22
nord-pas-de-calais,7,5,19,90,9.875,78,12:17:0,2018/03/22
normandie,7,2,23,76,10,80,12:17:0,2018/03/22
pays-de-la-loire,7,5,15,73,10,46,12:16:0,2018/03/22
picardie,7,3,23,87,9,78,12:17:0,2018/03/22
poitou-charentes,8,5,15,68,10,15,12:16:0,2018/03/22
rh-ne-alpes,7,3,23,75,10,33,12:15:0,2018/03/22
provence-alpes-c-te-d-azur,12,6,32,53,10,21,12:15:0,2018/03/22
alsace,8,4,6,80,9,70,12:20:0,2018/03/23
aquitaine,10,5,15,86,9,68,12:19:0,2018/03/23
ardeche,10,4,21,83,10,33,12:19:0,2018/03/23
auvergne,9,2,8,80,8.625,36,12:19:0,2018/03/23
bourgogne,7,4,7,90,6,74,12:20:0,2018/03/23
bretagne,12,8,19,94,9,90,12:20:0,2018/03/23
centre,6,5,18,83,8,76,12:20:0,2018/03/23
champagne-ardenne,8,6,17,76,9,75,12:20:0,2018/03/23
corse,9,7,9,73,9.875,12,12:17:0,2018/03/23
franche-comte,6,4,6,89,4.5,69,12:20:0,2018/03/23
ile-de-re,11,8,24,92,9.875,81,12:19:0,2018/03/23
ile-de-france,6,5,18,84,10,69,12:21:0,2018/03/23
languedoc-roussillon,14,10,24,67,10,14,12:17:0,2018/03/23
limousin,7,4,12,79,6.25,73,12:18:0,2018/03/23
lorraine,6,4,13,93,6.25,90,12:20:0,2018/03/23
midi-pyrenees,11,5,13,76,10,35,12:18:0,2018/03/23
nord-pas-de-calais,8,6,26,77,10,51,12:22:0,2018/03/23
normandie,10,8,27,86,9.875,77,12:21:0,2018/03/23
pays-de-la-loire,12,9,21,94,9.875,90,12:19:0,2018/03/23
picardie,8,3,26,94,10,59,12:20:0,2018/03/23
poitou-charentes,11,8,24,92,9.875,81,12:19:0,2018/03/23
rh-ne-alpes,9,4,14,90,8.875,60,12:18:0,2018/03/23
provence-alpes-c-te-d-azur,14,9,30,56,10,4,12:17:0,2018/03/23
alsace,11,7,10,62,10,5,12:23:0,2018/03/24
aquitaine,12,10,21,73,9.625,83,12:22:0,2018/03/24
ardeche,10,6,10,80,10,48,12:22:0,2018/03/24
auvergne,9,5,8,84,9,53,12:22:0,2018/03/24
bourgogne,12,6,6,80,7,30,12:23:0,2018/03/24
bretagne,11,8,17,92,9.875,78,12:23:0,2018/03/24
centre,12,5,11,78,10,80,12:24:0,2018/03/24
champagne-ardenne,12,7,14,76,10,29,12:25:0,2018/03/24
corse,12,9,11,57,10,8,12:19:0,2018/03/24
franche-comte,12,8,4,61,10,9,12:23:0,2018/03/24
ile-de-re,12,9,22,85,9.5,57,12:23:0,2018/03/24
ile-de-france,13,5,11,75,10,72,12:24:0,2018/03/24
languedoc-roussillon,12,10,18,80,9.75,68,12:20:0,2018/03/24
limousin,11,5,9,96,6,96,12:22:0,2018/03/24
lorraine,11,6,14,78,8,18,12:24:0,2018/03/24
midi-pyrenees,9,6,14,89,9.25,99,12:20:0,2018/03/24
nord-pas-de-calais,12,7,14,77,10,64,12:25:0,2018/03/24
normandie,11,7,13,89,7,94,12:25:0,2018/03/24
pays-de-la-loire,12,8,18,92,9.75,50,12:23:0,2018/03/24
picardie,12,6,15,81,10,70,12:24:0,2018/03/24
poitou-charentes,12,9,22,85,9.5,57,12:23:0,2018/03/24
rh-ne-alpes,13,7,13,75,7,33,12:21:0,2018/03/24
provence-alpes-c-te-d-azur,13,12,35,66,10,21,12:20:0,2018/03/24
alsace,12,8,7,62,10,34,12:27:0,2018/03/25
aquitaine,12,10,11,91,9.75,92,12:25:0,2018/03/25
ardeche,13,8,6,68,9.875,34,12:24:0,2018/03/25
auvergne,12,6,5,74,10,35,12:26:0,2018/03/25
bourgogne,12,9,10,82,9.75,43,12:26:0,2018/03/25
bretagne,12,9,20,92,6.5,87,12:27:0,2018/03/25
centre,16,11,5,70,10,45,12:27:0,2018/03/25
champagne-ardenne,13,9,12,67,10,32,12:28:0,2018/03/25
corse,11,9,10,66,10,42,12:22:0,2018/03/25
franche-comte,12,9,10,73,9.875,48,12:26:0,2018/03/25
ile-de-re,13,8,22,86,9.875,64,12:26:0,2018/03/25
ile-de-france,14,10,11,71,9.875,55,12:28:0,2018/03/25
languedoc-roussillon,13,11,20,67,10,39,12:24:0,2018/03/25
limousin,13,7,10,89,7,71,12:25:0,2018/03/25
lorraine,10,7,12,71,10,51,12:28:0,2018/03/25
midi-pyrenees,11,8,17,85,8.5,100,12:24:0,2018/03/25
nord-pas-de-calais,13,9,17,67,10,52,12:29:0,2018/03/25
normandie,10,8,19,91,9.875,72,12:28:0,2018/03/25
pays-de-la-loire,14,9,13,88,6.875,63,12:26:0,2018/03/25
picardie,13,5,14,90,10,64,12:28:0,2018/03/25
poitou-charentes,13,8,22,86,9.875,64,12:26:0,2018/03/25
rh-ne-alpes,12,8,13,77,9.75,42,12:25:0,2018/03/25
provence-alpes-c-te-d-azur,13,11,12,57,10,31,12:24:0,2018/03/25
alsace,11,9,8,64,10,62,12:30:0,2018/03/26
aquitaine,12,10,21,84,7,64,12:27:0,2018/03/26
ardeche,12,8,23,73,9.875,28,12:27:0,2018/03/26
auvergne,7,4,16,93,6.5,71,12:29:0,2018/03/26
bourgogne,11,9,15,83,8.875,46,12:30:0,2018/03/26
bretagne,12,9,16,81,7,58,12:30:0,2018/03/26
centre,13,9,12,77,9.875,60,12:31:0,2018/03/26
champagne-ardenne,12,8,15,77,10,45,12:32:0,2018/03/26
corse,10,9,8,70,10,14,12:26:0,2018/03/26
franche-comte,11,8,9,77,9,53,12:30:0,2018/03/26
ile-de-re,11,9,26,87,10,55,12:29:0,2018/03/26
ile-de-france,13,8,11,67,10,49,12:31:0,2018/03/26
languedoc-roussillon,15,13,32,63,10,28,12:26:0,2018/03/26
limousin,10,7,10,97,4.125,81,12:28:0,2018/03/26
lorraine,9,6,9,87,9,58,12:31:0,2018/03/26
midi-pyrenees,10,8,23,90,8,77,12:27:0,2018/03/26
nord-pas-de-calais,11,8,12,63,10,47,12:32:0,2018/03/26
normandie,11,9,14,81,9.75,45,12:32:0,2018/03/26
pays-de-la-loire,12,9,21,87,6.75,68,12:29:0,2018/03/26
picardie,11,5,13,79,10,39,12:32:0,2018/03/26
poitou-charentes,11,9,26,87,10,55,12:29:0,2018/03/26
rh-ne-alpes,10,7,18,88,6.875,63,12:28:0,2018/03/26
provence-alpes-c-te-d-azur,16,12,37,59,10,8,12:27:0,2018/03/26
alsace,11,9,15,56,9,49,12:35:0,2018/03/27
aquitaine,12,9,27,93,9.75,100,12:31:0,2018/03/27
ardeche,10,7,9,85,9.375,58,12:31:0,2018/03/27
auvergne,8,3,17,95,5.75,91,12:32:0,2018/03/27
bourgogne,8,6,20,93,8.625,72,12:33:0,2018/03/27
bretagne,13,11,25,93,7.875,92,12:34:0,2018/03/27
centre,13,7,24,94,9.75,80,12:34:0,2018/03/27
champagne-ardenne,9,6,23,92,8,87,12:35:0,2018/03/27
corse,12,11,15,66,10,17,12:28:0,2018/03/27
franche-comte,8,6,13,85,5,68,12:33:0,2018/03/27
ile-de-re,12,11,37,95,9.75,100,12:33:0,2018/03/27
ile-de-france,11,7,23,89,8.875,86,12:35:0,2018/03/27
languedoc-roussillon,15,11,24,74,10,50,12:29:0,2018/03/27
limousin,10,6,14,99,5.375,100,12:32:0,2018/03/27
lorraine,8,7,22,84,9.75,76,12:36:0,2018/03/27
midi-pyrenees,11,7,33,95,9.375,81,12:30:0,2018/03/27
nord-pas-de-calais,9,6,24,94,9.875,77,12:37:0,2018/03/27
normandie,11,10,32,95,9.75,94,12:35:0,2018/03/27
pays-de-la-loire,13,11,30,95,9.75,95,12:33:0,2018/03/27
picardie,10,6,26,94,9,81,12:35:0,2018/03/27
poitou-charentes,12,11,37,95,9.75,100,12:33:0,2018/03/27
rh-ne-alpes,10,7,12,90,6.25,75,12:31:0,2018/03/27
provence-alpes-c-te-d-azur,14,12,35,62,10,32,12:30:0,2018/03/27
alsace,12,10,19,85,9.5,86,12:38:0,2018/03/28
aquitaine,12,11,23,92,7.5,94,12:34:0,2018/03/28
ardeche,16,12,10,74,10,62,12:34:0,2018/03/28
auvergne,11,8,24,93,6.875,94,12:35:0,2018/03/28
bourgogne,11,9,26,95,9.625,96,12:37:0,2018/03/28
bretagne,11,8,29,92,9.875,68,12:38:0,2018/03/28
centre,12,11,30,93,8,82,12:38:0,2018/03/28
champagne-ardenne,10,6,31,93,8,75,12:39:0,2018/03/28
corse,14,12,14,78,10,43,12:31:0,2018/03/28
franche-comte,9,7,27,94,8.125,100,12:37:0,2018/03/28
ile-de-re,11,9,32,95,8.375,73,12:36:0,2018/03/28
ile-de-france,12,7,31,93,9.25,72,12:38:0,2018/03/28
languedoc-roussillon,16,14,21,68,10,26,12:32:0,2018/03/28
limousin,9,8,16,98,5.75,100,12:35:0,2018/03/28
lorraine,10,8,30,94,9.5,93,12:39:0,2018/03/28
midi-pyrenees,17,12,22,80,9,75,12:33:0,2018/03/28
nord-pas-de-calais,9,6,33,92,9.5,72,12:41:0,2018/03/28
normandie,11,8,35,92,8.75,76,12:39:0,2018/03/28
pays-de-la-loire,12,11,30,94,9.5,71,12:37:0,2018/03/28
picardie,11,3,36,94,8.25,73,12:39:0,2018/03/28
poitou-charentes,11,7,32,95,8.375,73,12:36:0,2018/03/28
rh-ne-alpes,15,9,18,93,6.875,86,12:35:0,2018/03/28
provence-alpes-c-te-d-azur,17,14,29,65,10,16,12:32:0,2018/03/28
alsace,10,8,8,63,10,25,12:42:0,2018/03/29
aquitaine,14,10,19,68,10,26,12:37:0,2018/03/29
ardeche,14,9,9,64,9,43,12:37:0,2018/03/29
auvergne,10,5,13,71,8.875,24,12:38:0,2018/03/29
bourgogne,10,8,14,78,8.875,45,12:40:0,2018/03/29
bretagne,10,6,30,93,9.5,78,12:42:0,2018/03/29
centre,12,8,25,77,8.875,43,12:41:0,2018/03/29
champagne-ardenne,11,7,18,77,8,41,12:42:0,2018/03/29
corse,14,13,15,70,10,10,12:34:0,2018/03/29
franche-comte,10,7,14,84,6.875,45,12:40:0,2018/03/29
ile-de-re,10,9,34,86,9.875,57,12:39:0,2018/03/29
ile-de-france,12,7,24,70,9.5,45,12:42:0,2018/03/29
languedoc-roussillon,14,13,15,65,10,46,12:35:0,2018/03/29
limousin,10,5,14,95,4.125,65,12:38:0,2018/03/29
lorraine,10,7,11,75,8,33,12:43:0,2018/03/29
midi-pyrenees,13,10,6,78,9.625,69,12:36:0,2018/03/29
nord-pas-de-calais,10,7,22,74,9.75,76,12:44:0,2018/03/29
normandie,9,7,34,86,9,87,12:43:0,2018/03/29
pays-de-la-loire,10,8,29,91,9.375,70,12:41:0,2018/03/29
picardie,10,6,23,92,7,64,12:43:0,2018/03/29
poitou-charentes,10,9,34,86,9.875,57,12:39:0,2018/03/29
rh-ne-alpes,12,9,6,69,9.875,45,12:38:0,2018/03/29
provence-alpes-c-te-d-azur,16,14,15,68,10,32,12:35:0,2018/03/29
alsace,11,9,10,81,9.875,67,12:45:0,2018/03/30
aquitaine,13,10,25,69,9.625,55,12:41:0,2018/03/30
ardeche,10,7,14,85,9.5,52,12:41:0,2018/03/30
auvergne,8,4,25,90,9.75,49,12:41:0,2018/03/30
bourgogne,8,5,15,96,7.875,55,12:44:0,2018/03/30
bretagne,10,6,24,93,7.875,84,12:45:0,2018/03/30
centre,10,8,30,87,8.375,74,12:45:0,2018/03/30
champagne-ardenne,12,8,25,81,9,62,12:46:0,2018/03/30
corse,14,12,22,82,9.875,32,12:37:0,2018/03/30
franche-comte,9,6,13,93,9,49,12:43:0,2018/03/30
ile-de-re,11,9,32,81,9.5,69,12:43:0,2018/03/30
ile-de-france,10,6,25,79,9.5,70,12:46:0,2018/03/30
languedoc-roussillon,15,12,33,87,9.875,37,12:39:0,2018/03/30
limousin,10,6,18,94,8.375,66,12:42:0,2018/03/30
lorraine,11,7,19,89,9.875,51,12:46:0,2018/03/30
midi-pyrenees,13,9,30,73,9.875,28,12:39:0,2018/03/30
nord-pas-de-calais,11,7,23,81,10,62,12:48:0,2018/03/30
normandie,7,5,30,94,9.625,78,12:47:0,2018/03/30
pays-de-la-loire,10,7,30,90,7.5,67,12:44:0,2018/03/30
picardie,9,4,28,91,8.875,64,12:46:0,2018/03/30
poitou-charentes,11,9,32,81,9.5,69,12:42:0,2018/03/30
rh-ne-alpes,10,6,28,86,9.875,39,12:41:0,2018/03/30
provence-alpes-c-te-d-azur,15,13,31,73,9.625,13,12:39:0,2018/03/30
alsace,12,8,4,73,10,48,12:49:0,2018/03/31
aquitaine,11,7,29,79,9.75,49,12:44:0,2018/03/31
ardeche,12,6,14,75,9.5,36,12:44:0,2018/03/31
auvergne,8,2,22,87,9.75,46,12:45:0,2018/03/31
bourgogne,12,8,7,79,9.75,30,12:47:0,2018/03/31
bretagne,9,7,29,83,8,62,12:49:0,2018/03/31
centre,10,7,19,77,9.375,60,12:48:0,2018/03/31
champagne-ardenne,12,8,17,76,10,26,12:51:0,2018/03/31
corse,9,8,25,76,9.5,43,12:39:0,2018/03/31
franche-comte,11,9,8,77,7.5,37,12:47:0,2018/03/31
ile-de-re,10,8,36,78,8.5,44,12:46:0,2018/03/31
ile-de-france,11,8,15,72,9.875,52,12:50:0,2018/03/31
languedoc-roussillon,14,11,49,60,10,27,12:41:0,2018/03/31
limousin,6,4,16,95,6.625,73,12:45:0,2018/03/31
lorraine,12,8,9,75,9,26,12:50:0,2018/03/31
midi-pyrenees,9,7,34,79,9.5,56,12:42:0,2018/03/31
nord-pas-de-calais,11,8,18,75,10,70,12:52:0,2018/03/31
normandie,8,7,28,82,9.375,80,12:50:0,2018/03/31
pays-de-la-loire,10,8,28,80,9.625,52,12:47:0,2018/03/31
picardie,11,5,19,92,10,76,12:51:0,2018/03/31
poitou-charentes,10,8,36,76,8.5,44,12:45:0,2018/03/31
rh-ne-alpes,12,6,17,82,9.25,34,12:44:0,2018/03/31
provence-alpes-c-te-d-azur,14,13,40,52,9.875,15,12:42:0,2018/03/31
